00
00
00
00
00
00
00
00
00
00
00
00
00
00
00
00
00
00
00
00
00
00
00
00
00
00
00
00
00
00
00
00
00
00
00
00
00
00
00
00
00
00
00
00
00
00
00
00
00
00
00
00
00
00
00
00
00
00
00
00
00
00
00
00
00
00
00
00
00
00
00
00
00
00
00
00
00
00
00
00
00
0C
18
00
00
00
00
00
00
C0
00
00
00
00
00
00
00
00
00
00
00
00
00
00
00
00
00
00
00
00
00
00
00
00
00
00
3C
38
00
00
E4
FF
07
00
C0
01
00
00
00
00
07
00
00
00
00
00
00
00
00
00
00
00
00
00
00
00
00
00
00
00
00
1C
38
00
FC
CF
FF
0F
00
C0
01
00
E0
FF
FF
07
00
00
00
00
00
00
00
00
00
80
01
00
00
00
00
00
00
00
00
00
1C
38
18
FC
1F
03
07
00
C0
01
00
40
00
C0
0F
80
01
00
00
00
00
00
00
00
C0
01
7E
00
F8
1F
1F
7C
7E
3E
FC
FF
FF
3F
10
0E
86
03
00
C0
01
00
00
00
E0
01
C0
01
7E
00
F8
1F
1F
7C
00
C0
01
3C
00
C0
03
3E
38
3C
1C
FC
FF
FF
3F
70
06
CE
01
20
C0
01
03
00
00
70
00
C0
01
3C
00
C0
03
3E
38
00
C0
03
18
00
80
01
3C
10
38
0C
00
1C
38
00
70
06
EC
00
E0
FF
FF
07
00
00
38
00
C0
03
18
00
80
01
3C
10
00
E0
03
18
00
80
01
3C
10
38
0C
00
1C
38
00
30
06
78
00
E0
FF
FF
07
00
80
0C
00
E0
03
18
00
80
01
3C
10
00
E0
03
18
00
80
01
74
10
70
06
00
1C
38
00
30
06
78
00
60
C0
81
03
00
80
07
00
E0
03
18
00
80
01
74
10
00
60
03
18
00
80
01
74
10
70
06
00
3C
18
00
38
07
FC
01
60
C0
81
03
00
80
07
00
60
03
18
00
80
01
74
10
00
20
07
18
00
80
01
F4
10
E0
03
00
E0
00
00
38
07
CF
1F
60
C0
81
03
00
80
03
00
20
07
18
00
80
01
F4
10
00
30
07
18
00
80
01
E4
10
E0
03
00
C0
01
00
38
C7
9B
7F
60
C0
81
03
00
80
03
18
30
07
18
00
80
01
E4
10
00
30
07
18
00
80
01
E4
11
E0
01
00
86
03
00
18
F7
78
1E
E0
FF
FF
03
FE
FF
FF
3F
30
07
18
00
80
01
E4
11
00
30
06
18
00
80
01
C4
11
C0
01
00
8E
07
00
18
1B
38
10
E0
FF
FF
03
FE
FF
FF
7F
30
06
18
00
80
01
C4
11
00
18
06
18
00
80
01
C4
13
C0
03
60
0E
07
01
FC
1F
38
06
60
C0
81
03
00
80
03
00
18
06
18
00
80
01
C4
13
00
18
0E
18
00
80
01
84
13
C0
03
60
0E
07
07
FC
FF
FF
0F
60
C0
81
03
00
80
03
00
18
0E
18
00
80
01
84
13
00
F8
0F
18
00
80
01
84
17
C0
07
60
0E
02
0E
08
DC
FF
1F
60
C0
81
03
00
80
03
00
F8
0F
18
00
80
01
84
17
00
18
0E
18
00
80
01
04
17
60
07
70
0E
00
1E
00
1C
38
00
60
C0
81
03
00
80
03
00
18
0E
18
00
80
01
04
17
00
0C
0C
18
00
80
01
04
1F
60
07
70
0E
80
3C
00
1F
38
00
60
C0
81
03
00
80
03
00
0C
0C
18
00
80
01
04
1F
00
0C
1C
18
00
80
01
04
1E
30
0E
78
0E
80
38
E0
0D
38
18
E0
FF
FF
03
00
80
03
00
0C
1C
18
00
80
01
04
1E
00
0C
1C
18
40
80
01
04
1E
30
0E
78
0E
80
38
7E
FC
FF
3F
60
C0
81
1B
00
80
03
00
0C
1C
18
40
80
01
04
1E
00
0C
1C
18
60
80
01
04
1C
18
1C
3C
0E
80
38
1E
FC
FF
7F
60
C0
01
18
00
80
03
00
0C
1C
18
60
80
01
04
1C
00
06
1C
18
60
80
01
04
1C
18
1C
18
0E
80
00
04
0C
38
00
20
C0
01
18
00
80
03
00
06
1C
18
60
80
01
04
1C
00
0E
38
3C
78
C0
03
0E
18
1C
38
00
0E
C0
01
00
0E
38
00
00
C0
01
18
00
80
03
00
0E
38
3C
78
C0
03
0E
18
00
1F
7E
FE
3F
F8
1F
1F
18
3E
7E
00
FE
FF
03
00
0E
38
00
00
C0
01
18
00
80
03
00
1F
7E
FE
3F
F8
1F
1F
18
00
00
00
00
00
00
00
00
00
00
00
00
FC
FF
01
F0
07
38
00
00
C0
01
38
00
FE
03
00
00
00
00
00
00
00
00
00
00
00
00
00
00
00
00
00
00
00
00
00
00
00
00
C0
07
38
00
00
C0
FF
3F
00
FC
01
00
00
00
00
00
00
00
00
00
00
00
00
00
00
00
00
00
00
00
00
00
00
00
00
80
03
38
00
00
C0
FF
3F
00
F0
01
00
00
00
00
00
00
00
00
00
00
00
00
00
00
00
00
00
00
00
00
00
00
00
00
00
00
38
00
00
00
00
00
00
E0
00
00
00
00
00
00
00
00
00
00
00
00
00
00
00
00
00
00
00
00
00
00
00
00
00
00
00
00
00
00
00
00
00
00
00
00
00
00
00
00
00
00
00
00
00
00
00
00
00
00
00
00
00
00
00
00
00
00
00
00
00
00
00
00
00
00
00
00
00
00
00
00
00
00
00
00
00
00
00
00
00
