00
00
00
00
00
00
00
00
00
00
00
00
00
00
00
00
00
00
00
00
00
00
00
00
00
00
00
00
00
00
00
00
00
00
00
00
00
00
00
00
00
00
00
00
00
00
00
00
00
00
00
00
00
00
00
00
00
00
00
00
00
00
00
00
00
00
00
00
00
00
00
00
00
00
00
00
00
00
00
00
00
00
00
00
00
00
00
00
00
00
00
00
00
00
00
00
00
00
00
00
00
00
00
00
00
00
00
00
00
00
00
00
00
00
00
00
00
00
00
00
00
00
00
00
00
00
00
00
00
00
00
00
00
00
00
00
00
00
00
00
00
00
00
00
00
00
00
00
00
00
00
00
00
00
00
00
00
00
00
00
00
00
00
00
00
00
00
00
00
00
08
00
00
00
00
00
00
00
00
00
00
00
00
00
00
00
00
00
00
00
00
00
00
00
30
00
00
80
00
00
00
00
00
00
00
00
00
00
00
00
00
00
00
00
00
00
00
00
00
00
00
00
00
00
00
00
00
00
00
00
00
00
00
00
00
00
00
00
00
00
00
00
00
00
00
00
00
00
00
00
00
00
00
04
38
00
00
00
00
00
00
00
00
00
00
00
00
00
00
00
00
00
00
20
00
00
00
00
70
00
00
80
03
00
00
00
00
00
00
00
00
00
00
00
00
01
00
1C
00
00
00
00
00
00
00
00
00
00
00
00
00
00
00
00
00
00
00
00
00
00
00
00
00
00
00
00
00
00
00
00
00
00
00
00
00
00
00
0C
18
01
00
00
00
00
00
00
60
00
00
E0
00
00
00
00
F0
01
00
E0
00
00
00
C2
30
00
00
80
03
00
00
00
00
00
00
00
00
00
00
0C
00
07
00
38
80
00
00
00
60
00
00
00
00
00
00
00
00
00
00
00
00
00
00
00
00
00
00
00
00
00
00
00
00
00
00
00
00
00
00
00
00
00
00
EE
FC
03
00
00
00
00
00
00
FC
00
00
E0
01
00
00
C0
FF
03
00
C0
00
00
00
C6
31
00
00
80
03
00
00
00
00
00
00
00
00
00
00
1C
00
07
00
10
80
03
C0
03
78
00
00
00
00
00
00
00
00
00
00
00
00
00
00
00
00
00
00
00
00
00
00
00
00
00
00
00
00
00
00
00
00
00
00
FE
0C
00
00
00
38
00
00
FC
F7
00
00
E0
00
00
E0
7F
80
07
00
C0
00
00
00
8E
19
00
00
80
01
00
FE
3F
FE
07
E0
07
C0
01
00
1C
00
06
00
60
C0
03
80
87
7F
00
00
00
00
00
00
00
00
00
00
00
00
00
00
00
00
00
00
00
00
00
00
00
00
00
00
00
00
00
00
00
00
00
00
03
36
00
00
E0
FF
00
00
0C
60
00
00
E0
00
00
C0
00
80
03
00
C0
00
00
00
8C
09
00
00
82
01
00
FE
3F
FE
0F
F8
0F
C0
01
00
0C
00
06
00
FC
70
00
00
87
31
00
00
00
00
00
00
00
00
00
00
00
00
00
00
00
00
00
00
00
00
00
00
00
00
00
00
00
00
00
00
00
00
00
80
19
63
00
00
FF
1F
00
00
0C
30
00
00
F0
01
00
C0
00
0C
03
00
C0
00
00
00
08
0C
00
00
8E
01
00
0E
00
1E
1F
38
1E
E0
03
00
1E
00
06
C0
1F
18
00
00
80
31
00
00
00
00
00
00
00
00
00
00
00
00
00
00
00
00
00
00
00
00
00
00
00
00
00
00
00
00
00
00
00
00
00
80
18
40
00
00
3C
00
00
00
0C
30
00
00
30
03
00
C0
C0
0F
03
00
C0
00
00
00
00
FC
07
00
8E
01
00
0E
00
0E
38
1C
1C
E0
03
00
76
00
06
00
30
0E
00
00
80
31
00
00
00
00
00
00
00
00
00
00
00
00
00
00
00
00
00
00
00
00
00
00
00
00
00
00
00
00
00
00
00
00
00
40
00
3C
00
00
00
00
00
00
0C
3F
00
00
18
06
00
C0
F8
03
03
00
C0
00
00
60
F0
07
0F
00
86
01
00
0E
00
0E
38
1C
38
E0
03
00
E3
39
06
80
31
0C
00
00
80
31
00
00
00
00
00
00
00
00
00
00
00
00
00
00
00
00
00
00
00
00
00
00
00
00
00
00
00
00
00
00
00
00
00
00
FE
7F
00
00
00
00
00
00
FC
01
00
00
1C
0C
00
C0
C0
00
03
00
C0
00
00
E0
0F
00
1F
00
82
79
00
0E
00
0E
38
0E
38
60
07
00
C3
31
06
00
11
0C
00
00
80
F1
07
00
00
00
00
00
00
00
00
00
00
00
00
00
00
00
00
00
00
00
00
00
00
00
00
00
00
00
00
00
00
00
00
00
DC
30
00
00
00
00
00
00
0C
00
00
00
0C
38
00
C0
C0
00
03
00
C0
F0
01
60
00
00
03
00
C3
7F
00
0E
00
0E
38
0E
38
70
07
80
01
31
06
00
DB
0C
1E
00
81
E1
07
00
00
00
00
00
00
00
00
00
00
00
00
00
00
00
00
00
00
00
00
00
00
00
00
00
00
00
00
00
00
00
00
00
C0
10
00
00
00
00
00
00
0C
06
00
00
06
70
00
C0
80
00
03
00
E0
FF
01
30
C0
87
00
00
FF
07
00
0E
00
0E
38
0E
00
70
07
C0
00
30
06
00
7E
EC
1F
C0
83
00
00
20
00
00
00
00
00
00
00
00
00
00
00
00
00
00
00
00
00
00
00
00
00
00
00
00
00
00
00
00
00
00
00
00
80
18
00
00
00
00
00
00
04
06
00
00
03
E0
01
C0
E0
0F
03
E0
FF
00
00
30
7E
0F
00
80
81
01
00
0E
00
0E
38
0E
00
70
06
40
00
30
06
FC
07
FC
00
F8
43
00
00
3C
00
00
00
00
00
00
00
00
00
00
00
00
00
00
00
00
00
00
00
00
00
00
00
00
00
00
00
00
00
00
00
80
F9
0F
00
00
C0
3F
00
00
06
06
00
80
C1
CF
07
C0
F8
01
03
80
47
00
00
30
04
07
00
80
80
01
00
FE
0F
0E
38
0E
00
38
0E
E0
7D
30
06
1C
0C
84
01
9C
01
78
00
00
00
00
00
00
00
00
00
00
00
00
00
00
00
00
00
00
00
00
00
00
00
00
00
00
00
00
00
00
00
00
00
80
81
00
00
00
FE
1F
00
00
06
F6
07
C0
FC
83
3F
C0
80
0C
03
00
60
00
00
10
00
01
00
40
80
01
00
FE
0F
1E
1F
0E
00
38
0E
90
61
30
06
00
EC
84
01
80
01
EF
00
00
00
00
00
00
00
00
00
00
00
00
00
00
00
00
00
00
00
00
00
00
00
00
00
00
00
00
00
00
00
00
00
00
81
C0
03
00
00
00
00
00
CE
1F
0F
60
E0
00
00
C0
80
18
03
00
E0
00
00
00
C0
00
00
20
80
01
00
FE
0F
FE
0F
8E
3F
38
0E
88
61
30
06
00
3F
86
01
80
01
60
00
00
00
00
00
00
00
00
00
00
00
00
00
00
00
00
00
00
00
00
00
00
00
00
00
00
00
00
00
00
00
00
00
80
C1
FF
07
00
00
00
00
00
1B
06
07
10
C0
00
00
C0
80
30
03
00
E0
00
00
00
C0
F8
03
00
80
3F
00
0E
00
FE
07
8E
3F
F8
1F
80
61
30
06
F0
0D
86
01
80
01
60
00
00
00
00
00
00
00
00
00
00
00
00
00
00
00
00
00
00
00
00
00
00
00
00
00
00
00
00
00
00
00
00
00
80
FF
00
07
00
00
00
00
00
1B
06
07
00
C0
00
00
C0
80
30
03
00
60
01
00
00
E0
FF
07
00
F8
1F
00
0E
00
0E
00
0E
38
FC
1F
80
21
30
06
00
0C
86
01
80
81
31
00
00
00
00
00
00
00
00
00
00
00
00
00
00
00
00
00
00
00
00
00
00
00
00
00
00
00
00
00
00
00
00
00
C0
E3
00
03
00
00
00
00
80
19
3E
07
00
E0
0F
00
C0
C0
7F
03
00
30
03
00
F8
FF
01
00
00
FC
01
00
0E
00
0E
00
0E
38
FC
1F
80
39
30
06
20
7C
86
01
80
01
33
00
00
00
00
00
00
00
00
00
00
00
00
00
00
00
00
00
00
00
00
00
00
00
00
00
00
00
00
00
00
00
00
00
80
F0
00
03
00
00
00
00
80
D9
3F
03
00
FE
03
00
C0
FE
00
03
00
30
06
00
F0
80
01
00
00
80
01
00
0E
00
0E
00
0E
38
1C
1C
80
39
10
06
60
6C
86
01
80
11
36
00
00
00
00
00
00
00
00
00
00
00
00
00
00
00
00
00
00
00
00
00
00
00
00
00
00
00
00
00
00
00
00
00
00
98
80
01
00
00
00
00
C0
18
06
03
00
C0
00
00
C0
00
00
03
00
38
0E
00
00
80
01
00
00
80
01
00
0E
00
0E
00
1E
38
0E
38
80
11
00
06
30
0C
83
01
80
09
1C
00
00
00
00
00
00
00
00
00
00
00
00
00
00
00
00
00
00
00
00
00
00
00
00
00
00
00
00
00
00
00
00
00
00
8C
F0
01
00
00
FC
1F
40
10
06
03
00
C0
00
00
C0
00
00
03
00
18
1C
00
00
80
03
00
00
80
01
00
0E
00
0E
00
1C
38
0E
38
80
01
01
06
30
0C
83
01
80
07
1C
00
00
00
00
00
00
00
00
00
00
00
00
00
00
00
00
00
00
00
00
00
00
00
00
00
00
00
00
00
00
00
00
00
00
86
E0
01
00
FF
FF
3F
60
10
06
03
00
C0
00
00
C0
00
00
03
00
1C
3C
00
00
80
03
00
00
80
01
00
0E
00
0E
00
3C
3C
0E
38
80
01
01
06
30
8F
81
01
80
03
3E
00
00
00
00
00
00
00
00
00
00
00
00
00
00
00
00
00
00
00
00
00
00
00
00
00
00
00
00
00
00
00
00
00
00
C3
C0
00
FE
1F
00
00
30
10
FE
03
00
C0
00
00
E0
F0
FF
03
00
0E
78
00
00
80
03
00
00
80
FF
1F
0E
00
0E
00
F8
3F
0E
78
80
01
01
06
00
8E
80
01
C0
01
77
00
00
00
00
00
00
00
00
00
00
00
00
00
00
00
00
00
00
00
00
00
00
00
00
00
00
00
00
00
00
00
00
00
C0
C0
00
00
3C
00
00
00
18
F0
C7
01
00
F0
FF
03
E0
FF
80
03
00
07
F0
01
00
80
01
00
80
FF
FF
3F
0E
00
0E
00
F0
3F
07
70
00
FF
C3
07
00
44
80
00
C0
C0
E1
01
00
00
00
00
00
00
00
00
00
00
00
00
00
00
00
00
00
00
00
00
00
00
00
00
00
00
00
00
00
00
00
00
30
C0
00
00
00
00
00
00
00
10
80
01
F0
7F
80
03
C0
00
00
03
80
01
E0
07
00
80
01
00
F8
07
00
00
00
00
00
00
C0
31
00
00
00
FE
81
07
00
00
80
00
80
70
C0
07
00
00
00
00
00
00
00
00
00
00
00
00
00
00
00
00
00
00
00
00
00
00
00
00
00
00
00
00
00
00
00
00
00
C0
00
00
00
00
00
00
00
00
80
00
C0
00
00
00
40
00
00
03
60
00
C0
1F
00
F0
01
00
10
00
00
00
00
00
00
00
00
00
00
00
00
00
00
03
00
00
80
00
00
00
80
3F
00
00
00
00
00
00
00
00
00
00
00
00
00
00
00
00
00
00
00
00
00
00
00
00
00
00
00
00
00
00
00
00
00
C0
00
00
00
00
00
00
00
00
00
00
00
00
00
00
00
00
00
03
00
00
00
00
00
E0
00
00
00
00
00
00
00
00
00
00
00
00
00
00
00
00
00
03
00
00
80
00
00
00
00
0F
00
00
00
00
00
00
00
00
00
00
00
00
00
00
00
00
00
00
00
00
00
00
00
00
00
00
00
00
00
00
00
00
00
C0
00
00
00
00
00
00
00
00
00
00
00
00
00
00
00
00
00
00
00
00
00
00
00
60
00
00
00
00
00
00
00
00
00
00
00
00
00
00
00
00
00
00
00
00
00
00
00
00
00
00
00
00
00
00
00
00
00
00
00
00
00
00
00
00
00
00
00
00
00
00
00
00
00
00
00
00
00
00
00
00
00
00
00
00
00
00
00
00
00
00
00
00
00
00
00
00
00
00
00
00
00
00
00
00
00
00
00
00
00
00
00
00
00
00
00
00
00
00
00
00
00
00
00
00
00
00
00
00
00
00
00
00
00
00
00
00
00
00
00
00
00
00
00
00
00
00
00
00
00
00
00
00
00
00
00
00
00
00
00
00
00
00
00
00
00
00